n_concursados,n_aprobados,año
1765,854,14091
1361,746,14091
754,330,14091
530,224,14091
385,191,14091
447,190,14091
290,144,14091
243,107,14091
242,101,14091
199,86,14091
191,80,14091
206,76,14091
190,64,14091
153,61,14091
90,51,14091
118,45,14091
184,43,14091
124,40,14091
97,33,14091
91,32,14091
82,31,14091
103,30,14091
90,24,14091
62,15,14091
45,14,14091
87,13,8058
28,13,12080
30,12,14091
61,9,12081
34,5,12081
13,5,12081
14,4,10070
20,4,14091
46,4,14091
27,3,10069
19,3,12080
17,3,8058
11,2,12081
3,1,10070
12,1,6042
12,1,10070
6,1,8058
64,0,6033
1,0,2013
0,0,2016
1,0,6038
6,0,4025
0,0,2014
0,0,4029
0,0,2013
0,0,2011
1,0,2015
4,0,10068
